hard
20
25
0 0 0 0 0 0 0 0 0 0 0 0 0 0 0 0 0 0 0 0
0 8 8 8 8 8 8 8 8 8 8 8 8 8 8 8 8 8 8 0
0 8 8 8 8 8 8 8 8 8 8 8 8 8 8 8 8 8 8 0
0 0 0 8 8 0 0 8 8 0 0 8 8 0 0 8 8 0 0 0
0 8 8 8 8 8 8 8 8 8 8 8 8 8 8 8 8 8 8 0
0 8 8 0 0 8 8 0 0 8 8 0 0 8 8 0 0 8 8 0
0 8 8 8 8 8 8 8 8 8 8 8 8 8 8 8 8 8 8 0
0 0 0 8 8 0 0 8 8 0 0 8 8 0 0 8 8 0 0 0
0 8 8 8 8 8 8 8 8 8 8 8 8 8 8 8 8 8 8 0
0 8 8 0 0 8 8 0 0 8 8 0 0 8 8 0 0 8 8 0
0 8 8 8 8 8 8 8 8 8 8 8 8 8 8 8 8 8 8 0
0 0 0 8 8 0 0 8 8 0 0 8 8 0 0 8 8 0 0 0
0 8 8 8 8 8 8 8 8 8 8 8 8 8 8 8 8 8 8 0
0 8 8 0 0 8 8 0 0 8 8 0 0 8 8 0 0 8 8 0
0 8 8 8 8 8 8 8 8 8 8 8 8 8 8 8 8 8 8 0
0 0 0 8 8 0 0 8 8 0 0 8 8 0 0 8 8 0 0 0
0 8 8 8 8 8 8 8 8 8 8 8 8 8 8 8 8 8 8 0
0 8 8 0 0 8 8 0 0 8 8 0 0 8 8 0 0 8 8 0
0 8 8 8 8 8 8 8 8 8 8 8 8 8 8 8 8 8 8 0
0 0 0 8 8 0 0 8 8 0 0 8 8 0 0 8 8 0 0 0
0 0 0 8 8 0 0 8 8 0 0 8 8 0 0 8 8 0 0 0
0 0 0 8 8 0 0 8 8 0 0 8 8 0 0 8 8 0 0 0
0 0 0 8 8 0 0 8 8 0 0 8 8 0 0 8 8 0 0 0
0 0 0 8 8 0 0 8 8 0 0 8 8 0 0 8 7 0 0 0
0 0 0 0 0 0 0 0 0 0 0 0 0 0 0 0 0 0 0 0